[data]
Money=1000
Skin=240
Level=0
Password=$2y$12$4a5ivjlq8u6z3ly0KAjUPeDLlpxzXhL4rOzKcjuO4Y9Jub4p.d3Wu
Staff=4
positionZ=4.984375
positionY=2377.217285
positionX=-2229.284667

