[data]
Money=-3000
Skin=289
Level=0
Password=$2y$12$4a5ivjlq8u6z3ly0KAjUPeDLlpxzXhL4rOzKcjuO4Y9Jub4p.d3Wu
Staff=4
positionZ=-0.418251
positionY=2435.802490
positionX=-2231.638183
Wanted=0

