[data]
Team=0
Money=793
Skin=289
Level=786
Password=$2y$12$HeD6cdl.02pBKpwN1p.DaOxlBPk2ZDtdbE7fOYjMheppjwsHM4F/C
Staff=4
positionZ=45.584957
positionY=-1721.942382
positionX=-1279.652587
Score=792
Leader=255

