[data]
Team=255
Money=7133
Skin=289
Level=93
Password=$2y$12$HeD6cdl.02pBKpwN1p.DaOxlBPk2ZDtdbE7fOYjMheppjwsHM4F/C
Staff=4
positionZ=55.984375
positionY=2638.737792
positionX=-1389.821289
Score=93
Leader=0

