[data]
Money=17236
Skin=289
Level=0
Password=$2y$12$4a5ivjlq8u6z3ly0KAjUPeDLlpxzXhL4rOzKcjuO4Y9Jub4p.d3Wu
Staff=4
positionZ=61.336261
positionY=1977.676025
positionX=-2675.939453
Wanted=0

