[data]
Money=14974
Skin=289
Level=0
Password=$2y$12$4a5ivjlq8u6z3ly0KAjUPeDLlpxzXhL4rOzKcjuO4Y9Jub4p.d3Wu
Staff=4
positionZ=54.292987
positionY=2602.866699
positionX=-1374.860717
Wanted=0

