[data]
Money=15276
Skin=289
Level=0
Password=$2y$12$4a5ivjlq8u6z3ly0KAjUPeDLlpxzXhL4rOzKcjuO4Y9Jub4p.d3Wu
Staff=4
positionZ=52.319602
positionY=2649.697998
positionX=-1870.195922
Wanted=0

