[data]
Money=218
Skin=289
Level=0
Password=$2y$12$4a5ivjlq8u6z3ly0KAjUPeDLlpxzXhL4rOzKcjuO4Y9Jub4p.d3Wu
Staff=4
positionZ=8.998416
positionY=1403.635009
positionX=381.572814

