[data]
Money=1000
Skin=289
Level=0
Age=24
Sex=Male
Password=0440404
Staff=4
positionZ=1.615467
positionY=-200.548187
positionX=-24.028669

