[data]
Team=255
Money=14480
Skin=289
Level=0
Password=$2y$12$cd3BbUY9kmuP/NDTtWdUmOIYX3cyEZVa4xYH/p5ineJspICNAh.dO
Staff=4
Score=113
positionZ=-1.838793
positionY=1897.567382
positionX=-1809.889282

