[data]
Team=255
Money=7133
Skin=289
Level=93
Password=$2y$12$HeD6cdl.02pBKpwN1p.DaOxlBPk2ZDtdbE7fOYjMheppjwsHM4F/C
Staff=4
positionZ=55.687500
positionY=2650.981445
positionX=-1405.726684
Score=93
Leader=0

