[data]
Money=84254
Skin=289
Level=0
Password=$2y$12$9r9VTzfuG5tyPjbxG0CSVuKTxnxQUhWS5lYiWBKEGmrFfRDQkAHLu
Staff=4
positionZ=5.797934
positionY=2401.249511
positionX=-2344.653076

