[data]
Staff=4
Money=0
Skin=289
Level=0
Age=24
Sex=Male
Password=0440404
positionZ=1.429687
positionY=-145.108383
positionX=135.578628
Wanted=0

