[data]
positionZ=0.000000
positionY=0.000000
positionX=0.000000
Money=0
Skin=0
Score=0
Staff=0

