[data]
Money=1000
Skin=289
Level=0
Password=$2y$12$IBL2uSJi8hH9obcGzH4/De9jg5GNQHyFA4VQaINun76R1.bpaOsKC
Staff=4
positionZ=-1.321914
positionY=-119.500000
positionX=125.250000

