[data]
Money=1000
Skin=240
Level=0
Password=$2y$12$tApRENmpCX6vfv74r7oQ4uDBKW1au9mz9yjFf2Phb/WMqueEpDgIy
Staff=4
positionZ=4.914062
positionY=2420.740234
positionX=-2290.473144

