[data]
Money=14900
Skin=289
Level=0
Password=$2y$12$4a5ivjlq8u6z3ly0KAjUPeDLlpxzXhL4rOzKcjuO4Y9Jub4p.d3Wu
Staff=4
positionZ=54.361839
positionY=2245.109375
positionX=-1390.125732
Wanted=0

