[data]
Money=-4000
Skin=289
Level=0
Password=$2y$12$4a5ivjlq8u6z3ly0KAjUPeDLlpxzXhL4rOzKcjuO4Y9Jub4p.d3Wu
Staff=4
positionZ=-0.400540
positionY=2430.492431
positionX=-2235.144287
Wanted=0

