[data]
Money=18201
Skin=5
Level=0
Password=$2y$12$npOT7CmCNPpGTbsaJbbdpeukYkP1MF/5Oj2zFt5ki8J9RAgww.neq
positionZ=5.422304
positionY=2366.466552
positionX=-2297.510498
Staff=4

