[data]
Team=0
Money=0
Skin=240
Level=0
Password=$2y$12$hKI6M9etR6drAPLA6bwfQerascZ6X7W8SS9K7wUMK1Qu9tEczbrdm
Staff=4
positionZ=0.000000
positionY=0.000000
positionX=0.000000

