[data]
Money=1109
Skin=100
Level=0
Password=$2y$12$6anyuzHjAbnd4dxh7c4Ch.Dc/KtlFxLE6JUqpTKbVZL2yLz9c2t/S
Staff=1
positionZ=31.512954
positionY=2694.538574
positionX=181.746017

